.Random.seed <-
c(403L, 444L, -207453230L, -1815167196L, -559547099L, -545027791L, 
-1469013348L, 1847567668L, 877341726L, -1530514985L, 1722644825L, 
762985558L, 1047142446L, 884985853L, -1322905462L, 2146017585L, 
-1328268458L, -463789557L, -150357345L, -121851650L, -2038906957L, 
-672267835L, 1311952994L, 1344427590L, 606358275L, -618761524L, 
831273425L, -244872502L, -1655663463L, 1757409824L, -117734293L, 
-1542979263L, -1254854176L, 1462160324L, -1999605053L, 848138838L, 
1149222779L, 1234948545L, -437418526L, -352425410L, 1733289395L, 
1836168637L, -862194537L, 112686933L, -1062098927L, 1945928939L, 
1222748212L, 643369963L, -1357250498L, -26523399L, 1233407625L, 
-1104701481L, -396180933L, 93207132L, -4855953L, -940419127L, 
1953911175L, -1090761138L, -344430056L, -510712203L, 1921778104L, 
1530323754L, -1658184630L, 1469171226L, 779410842L, -956529617L, 
2046626237L, 248089369L, -1323532125L, 447031450L, 2033904135L, 
-1588775087L, -1820162593L, 372639154L, -1949778759L, -993164019L, 
-539641170L, -1671374551L, 1308270713L, -1873550707L, 163091102L, 
446808536L, 1318489377L, -294992296L, 102153835L, -219199377L, 
-1291293139L, -1876937722L, -591954313L, 550233427L, -1578718106L, 
860891992L, -1726879530L, 1976649948L, 2124653950L, 381468547L, 
-299249588L, -1165659786L, 451755441L, 1121289380L, -1700282591L, 
313816925L, 1992578807L, 1324884889L, -423325756L, 139445737L, 
-1364530759L, 560839713L, 2126529898L, -1648942026L, -601273783L, 
-1161413310L, -1201744432L, -447169231L, -2002656503L, 785454477L, 
639540100L, -2081559027L, 110341898L, 1120321456L, -1843921696L, 
335597976L, 914173886L, 116262937L, -1432530867L, 436327156L, 
-1566862997L, -165633269L, 1869505016L, 576103466L, 380301821L, 
-378928037L, 1958401599L, 36835088L, 413341777L, 725667178L, 
1108837921L, -2064908162L, -833894713L, 456800984L, -1801554067L, 
807465713L, -294898194L, 1833491548L, -1605240261L, 775507234L, 
778008384L, -1222964007L, 1812630307L, 989570262L, -1155706550L, 
-1463729614L, 567855176L, -1900127677L, -1219726412L, 990765170L, 
1025414537L, -1890995376L, 2006723330L, 530387466L, 504226836L, 
-1412143711L, -1157611817L, -918164707L, -248064676L, -125508223L, 
-2016582487L, 331823801L, 943960029L, -428847623L, 2677748L, 
-108611713L, -2147241630L, -92951688L, 1150164896L, -1746401806L, 
1284269236L, 984797127L, -1512490671L, -143359140L, -188971272L, 
1905136038L, -1951390599L, -1140487298L, 1447199359L, -663313720L, 
1332869102L, 1568522955L, 1673087253L, 1112358991L, 1417590469L, 
-2050480342L, -1735734063L, 451975915L, 985182476L, 1836787514L, 
1910043061L, 497092986L, -667765052L, 127265605L, -471545415L, 
2075053065L, -972544719L, -1927736866L, -1613786664L, -1447729624L, 
-1288651749L, -1351970923L, -2073056779L, -1254331989L, -329103370L, 
1698247093L, -1225889894L, 2031345988L, 2008473430L, -607165407L, 
-1497376637L, 773216871L, -140678488L, -1555626009L, 167099921L, 
2072355749L, -322966133L, -1279673730L, 78537244L, -1383999584L, 
260615318L, 451922179L, 1963481377L, 1020611580L, -793983799L, 
1853518961L, -1548539690L, 810034942L, -1412698272L, -794564153L, 
-684675210L, 1120515268L, -2102173481L, 2114580380L, 1576645613L, 
213107999L, 669705360L, 25795007L, 692815623L, -1977937919L, 
1780102869L, 598139518L, -1026673962L, -1844725904L, -1765010544L, 
1987661743L, -1689313568L, -1435566724L, 610877444L, -1788431299L, 
-1787132256L, -1483026532L, -90478155L, -1262507639L, 1810017821L, 
-1493973869L, -1424140749L, -1822010283L, 1233086931L, 584972284L, 
1527609369L, 1843700246L, 545408353L, 1075871645L, -2048328262L, 
-684240017L, 16520612L, 1086616203L, -2101374933L, -722098234L, 
-440383091L, 2091623667L, 2098225129L, -456193945L, 1449936986L, 
-1973332400L, 49348090L, 1250178704L, 1684682122L, -530179818L, 
281558264L, 1064258351L, -1241453330L, -536352040L, -1460269261L, 
-2121101673L, -777041470L, -308272996L, 1262135041L, -1787969806L, 
1144521604L, -807531286L, -1648143184L, -79561327L, -423061484L, 
1070648780L, -944289096L, 554306540L, 1656029258L, 124277065L, 
-363258715L, -1532840654L, 1523723538L, 991322590L, -520398329L, 
1012836686L, 1695628248L, 1741440854L, -80143101L, 1225741949L, 
229949782L, -1498294163L, 1827977146L, -1433352556L, 630900656L, 
302826327L, -568002845L, 1685791577L, -869707307L, -1182870274L, 
-836411031L, -1915674422L, 561251270L, 1342673617L, 1274128901L, 
-1076395426L, 477709999L, 669623120L, -725423088L, -100661593L, 
-258646968L, -537572776L, -581854069L, -71778227L, 108034560L, 
1506654435L, 489874515L, 482913210L, 1965063214L, 1714636181L, 
-1313126996L, -928992191L, -688237125L, -1455391146L, -618715952L, 
-134826449L, -2104784254L, -1854377404L, 1257865142L, 234009016L, 
740614057L, 2047671565L, -1759089338L, -128653592L, -2044584712L, 
1697483727L, -1449480462L, -482107497L, 249358604L, 1355730018L, 
-480709440L, 1826273768L, -1452324311L, 1918095277L, -1319481405L, 
-2089720918L, 436554239L, -330285052L, -1204769134L, -446918644L, 
110705727L, 2073457285L, -76551396L, -200049307L, -1222940934L, 
-96175107L, -210675231L, 262609126L, -2038432170L, -1994105037L, 
931001307L, -1487295875L, 816353994L, -255672100L, 1981473883L, 
-660876841L, -2133981959L, -1221369787L, -1147242708L, -2082679214L, 
-2644721L, -737834365L, 209635546L, -778452069L, -1129017739L, 
-2041643899L, 2107412193L, 141082L, 1113986249L, -264452595L, 
1570814845L, 1835670595L, -837413303L, -1184132869L, 1902515703L, 
-2104443122L, 272838615L, 976537083L, -1782075693L, -39651035L, 
174953066L, 2098331676L, -1974275344L, 2065817412L, 1203245535L, 
-1121059220L, -11482550L, -867037057L, -1796539843L, -453929274L, 
1639999482L, -464786550L, 1667240787L, 1035511203L, 2060680622L, 
-1830013571L, 302024360L, -1108904083L, -760380154L, 773415714L, 
946782429L, 1260837060L, -598701875L, -560857772L, 1727949956L, 
-75859019L, -428155913L, 759580165L, 1153521067L, 633819405L, 
-1140724293L, -324118942L, -1400418088L, 422003849L, 672543504L, 
160913054L, 2132360818L, -1084560231L, -1662188880L, -818247394L, 
-784698860L, 967889119L, -2090947147L, 1915303804L, 453442720L, 
-1000548657L, 85774210L, 1014642943L, -1479499240L, 1977394352L, 
679042633L, -1834302694L, 1388579776L, 596119615L, 1157879427L, 
1171543062L, 62396689L, 287424584L, -1488295678L, -572937936L, 
241491288L, -1364341187L, -860092511L, 1441484464L, -191268254L, 
-242564207L, -1753841511L, 2139460352L, -2101915169L, -1192643866L, 
347637272L, -1384175177L, 499411195L, -1422156567L, -2082483568L, 
1038353296L, -1424011090L, 283039423L, -536342819L, 1887261385L, 
129735118L, -678404189L, 1707597156L, 1434513682L, 156642687L, 
2112286347L, 8034563L, 1842732862L, -571803099L, -1117891905L, 
-1766967599L, 1111856364L, 1300015500L, -1735103394L, -1707711693L, 
-823847701L, -469744258L, -431624156L, 1877494695L, 1494706359L, 
-904351241L, 760700663L, 367040566L, -1784312173L, 1151168906L, 
-1238829535L, -1719916728L, -193410413L, 1935147725L, -43715663L, 
-1251369393L, 103083909L, -1024531195L, -1744712764L, 1234059802L, 
-566695222L, 1037408146L, -1877940860L, 1106960488L, 797860754L, 
-1875345693L, -70620695L, -455832590L, -727651838L, -1538420064L, 
1149536077L, -302464958L, -2053987102L, -2062893142L, -1742894972L, 
1294702264L, 1102208455L, 798335368L, 1765038442L, 1111038648L, 
815154093L, -507185522L, -1267288032L, 1433137146L, -383492720L, 
674802109L, 1248555545L, -1618173708L, 566205213L, -685505912L, 
-604686351L, 348362792L, 2022069732L, 1533971062L, 1282510937L, 
-1406162016L, -1255911166L, -693552790L, -1164638596L, 419163765L, 
-1931150390L, 1370772183L, 93652987L, -278115466L, 873171250L, 
1916988576L, -241877030L, 1085875430L, -1854661483L, -1558271275L, 
1276964573L, -1103351630L, -403944192L, -1180608833L, 1715934413L, 
1909035473L, 1903754478L, 1419997761L, 42431389L, -679826082L, 
1368061063L, -1436886711L, -1291370758L, -719838078L, -793536412L, 
